3.378700000000003 842.8079998936167 0.06120000000000017
3.378700000000003 850.1201000000012 0.06120000000000017
3.378700000000003 850.5059000000012 0.06120000000000017
3.378700000000003 850.6988000000013 0.06120000000000017
3.378700000000003 851.2775000000016 0.06120000000000017
3.378700000000003 851.5642000000015 0.06120000000000017
3.378700000000003 858.9786000000001 0.06120000000000017
3.378700000000003 859.0126999999994 0.06120000000000017
3.378700000000003 859.2993997594365 0.06120000000000017
3.378700000000003 859.2993999999991 0.06120000000000017
