13.399100000000002 1037.6184799999996 0.08325000000000018
14.136000000000001 1095.6738999999982 0.08370000000000019
14.136000000000001 1098.8517999999985 0.08370000000000019
14.136000000000001 1099.3799999999992 0.08370000000000019
14.136000000000001 1100.334999999999 0.08370000000000019
14.136000000000001 1101.3210998764566 0.08370000000000019
14.136000000000001 1102.5964999999987 0.08370000000000019
14.136000000000001 1103.1042999999984 0.08370000000000019
14.136000000000001 1109.634499999998 0.08370000000000019
14.1592 1110.3760999999993 0.08410000000000019
